255 255 255 255 255 255 255 255 255 255 255 255 255 255 255 255
255 255 255 255 255 255 255 255 255 255 255 255 255 255 255 255
255 255   0   0   0   0   0   0   0   0   0   0   0   0 255 255
255 255   0   0   0   0   0   0   0   0   0   0   0   0 255 255
255 255   0   0   0   0   0   0   0   0   0   0   0   0 255 255
255 255   0   0   0 255 255 255 255 239 239   0   0   0 255 255
255 255   0   0   0 255 255 255 255 246   0   0   0   0 255 255
255 255   0   0   0  16 239 126 127 255 255   0   0   0 255 255
255 255   0   0   0 180  99 244   5 255 255   0   0   0 255 255
255 255   0   0   0   0 247 255 255 255 255   0   0   0 255 255
255 255   0   0   0 183   0 255 255 255 255   0   0   0 255 255
255 255   0   0   0   0   0   0   0   0   0   0   0   0 255 255
255 255   0   0   0   0   0   0   0   0   0   0   0   0 255 255
255 255   0   0   0   0   0   0   0   0   0   0   0   0 255 255
255 255 255 255 255 255 255 255 255 255 255 255 255 255 255 255
255 255 255 255 255 255 255 255 255 255 255 255 255 255 255 255
255 255 255 255 255 255 255 255 255 255 255 255 255 255 255 255
255 255 255 255 255 255 255 255 255 255 255 255 255 255 255 255
255 255   0   0   0   0   0   0   0   0   0   0   0   0 255 255
255 255   0   0   0   0   0   0   0   0   0   0   0   0 255 255
255 255   0   0   0   0   0   0   0   0   0   0   0   0 255 255
255 255   0   0   0 255 255 255 255 239 239   0   0   0 255 255
255 255   0   0   0 255 255 255 255 246   0   0   0   0 255 255
255 255   0   0   0  16 239 126 127 255 255   0   0   0 255 255
255 255   0   0   0 180  99 244   5 255 255   0   0   0 255 255
255 255   0   0   0   0 247 255 255 255 255   0   0   0 255 255
255 255   0   0   0 183   0 255 255 255 255   0   0   0 255 255
255 255   0   0   0   0   0   0   0   0   0   0   0   0 255 255
255 255   0   0   0   0   0   0   0   0   0   0   0   0 255 255
255 255   0   0   0   0   0   0   0   0   0   0   0   0 255 255
255 255 255 255 255 255 255 255 255 255 255 255 255 255 255 255
255 255 255 255 255 255 255 255 255 255 255 255 255 255 255 255
255 255 255 255 255 255 255 255 255 255 255 255 255 255 255 255
255 255 255 255 255 255 255 255 255 255 255 255 255 255 255 255
255 255   0   0   0   0   0   0   0   0   0   0   0   0 255 255
255 255   0   0   0   0   0   0   0   0   0   0   0   0 255 255
255 255   0   0   0   0   0   0   0   0   0   0   0   0 255 255
255 255   0   0   0 255 255 255 255 239 239   0   0   0 255 255
255 255   0   0   0 255 255 255 255 246   0   0   0   0 255 255
255 255   0   0   0  16 239 126 127 255 255   0   0   0 255 255
255 255   0   0   0 180  99 244   5 255 255   0   0   0 255 255
255 255   0   0   0   0 247 255 255 255 255   0   0   0 255 255
255 255   0   0   0 183   0 255 255 255 255   0   0   0 255 255
255 255   0   0   0   0   0   0   0   0   0   0   0   0 255 255
255 255   0   0   0   0   0   0   0   0   0   0   0   0 255 255
255 255   0   0   0   0   0   0   0   0   0   0   0   0 255 255
255 255 255 255 255 255 255 255 255 255 255 255 255 255 255 255
255 255 255 255 255 255 255 255 255 255 255 255 255 255 255 255

255 255 255 255 255 255 255 255 255 255 255 255 255 255 255 255
255 214 153 153 153 153 153 153 153 153 153 153 153 153 214 255
255 153   0   0   0   0   0   0   0   0   0   0   0   0 153 255
255 153   0   0   0   0   0   0   0   0   0   0   0   0 153 255
255 153   0   0  10  51  51  51  51  51  51  10   0   0 153 255
255 153   0   0  51 187 140 245 255 255 255  51   0   0 153 255
255 153   0   0  51 167 134 242 255 255 255  51   0   0 153 255
255 153   0   0  51 255 247 138 193 184 210  51   0   0 153 255
255 153   0   0  51 255 245  59 168  89 157  51   0   0 153 255
255 153   0   0  51 255 242  69 165 106 161  51   0   0 153 255
255 153   0   0  51 255 244 107 164  89 151  51   0   0 153 255
255 153   0   0  10  51  51  51  51  51  51  10   0   0 153 255
255 153   0   0   0   0   0   0   0   0   0   0   0   0 153 255
255 153   0   0   0   0   0   0   0   0   0   0   0   0 153 255
255 214 153 153 153 153 153 153 153 153 153 153 153 153 214 255
255 255 255 255 255 255 255 255 255 255 255 255 255 255 255 255
255 255 255 255 255 255 255 255 255 255 255 255 255 255 255 255
255 214 153 153 153 153 153 153 153 153 153 153 153 153 214 255
255 153   0   0   0   0   0   0   0   0   0   0   0   0 153 255
255 153   0   0   0   0   0   0   0   0   0   0   0   0 153 255
255 153   0   0  10  51  51  51  51  51  51  10   0   0 153 255
255 153   0   0  51 187 140 245 255 255 255  51   0   0 153 255
255 153   0   0  51 167 134 242 255 255 255  51   0   0 153 255
255 153   0   0  51 255 247 138 193 184 210  51   0   0 153 255
255 153   0   0  51 255 245  59 168  89 157  51   0   0 153 255
255 153   0   0  51 255 242  69 165 106 161  51   0   0 153 255
255 153   0   0  51 255 244 107 164  89 151  51   0   0 153 255
255 153   0   0  10  51  51  51  51  51  51  10   0   0 153 255
255 153   0   0   0   0   0   0   0   0   0   0   0   0 153 255
255 153   0   0   0   0   0   0   0   0   0   0   0   0 153 255
255 214 153 153 153 153 153 153 153 153 153 153 153 153 214 255
255 255 255 255 255 255 255 255 255 255 255 255 255 255 255 255
255 255 255 255 255 255 255 255 255 255 255 255 255 255 255 255
255 214 153 153 153 153 153 153 153 153 153 153 153 153 214 255
255 153   0   0   0   0   0   0   0   0   0   0   0   0 153 255
255 153   0   0   0   0   0   0   0   0   0   0   0   0 153 255
255 153   0   0  10  51  51  51  51  51  51  10   0   0 153 255
255 153   0   0  51 187 140 245 255 255 255  51   0   0 153 255
255 153   0   0  51 167 134 242 255 255 255  51   0   0 153 255
255 153   0   0  51 255 247 138 193 184 210  51   0   0 153 255
255 153   0   0  51 255 245  59 168  89 157  51   0   0 153 255
255 153   0   0  51 255 242  69 165 106 161  51   0   0 153 255
255 153   0   0  51 255 244 107 164  89 151  51   0   0 153 255
255 153   0   0  10  51  51  51  51  51  51  10   0   0 153 255
255 153   0   0   0   0   0   0   0   0   0   0   0   0 153 255
255 153   0   0   0   0   0   0   0   0   0   0   0   0 153 255
255 214 153 153 153 153 153 153 153 153 153 153 153 153 214 255
255 255 255 255 255 255 255 255 255 255 255 255 255 255 255 255

255 255 255 255 255 255 255 255 255 255 255 255 255 255 255 255
255 214 153 153 153 153 153 153 153 153 153 153 153 153 214 255
255 153   0   0   0   0   0   0   0   0   0   0   0   0 153 255
255 153   0   0   0   0   0   0   0   0   0   0   0   0 153 255
255 153   0   0  10  51  51  51  51  51  51  10   0   0 153 255
255 153   0   0  51 255 255 210 157 161 151  51   0   0 153 255
255 153   0   0  51 255 255 184  89 106  89  51   0   0 153 255
255 153   0   0  51 255 255 193 168 165 164  51   0   0 153 255
255 153   0   0  51 245 242 138  59  69 107  51   0   0 153 255
255 153   0   0  51 140 134 247 245 242 244  51   0   0 153 255
255 153   0   0  51 187 167 255 255 255 255  51   0   0 153 255
255 153   0   0  10  51  51  51  51  51  51  10   0   0 153 255
255 153   0   0   0   0   0   0   0   0   0   0   0   0 153 255
255 153   0   0   0   0   0   0   0   0   0   0   0   0 153 255
255 214 153 153 153 153 153 153 153 153 153 153 153 153 214 255
255 255 255 255 255 255 255 255 255 255 255 255 255 255 255 255
255 255 255 255 255 255 255 255 255 255 255 255 255 255 255 255
255 214 153 153 153 153 153 153 153 153 153 153 153 153 214 255
255 153   0   0   0   0   0   0   0   0   0   0   0   0 153 255
255 153   0   0   0   0   0   0   0   0   0   0   0   0 153 255
255 153   0   0  10  51  51  51  51  51  51  10   0   0 153 255
255 153   0   0  51 255 255 210 157 161 151  51   0   0 153 255
255 153   0   0  51 255 255 184  89 106  89  51   0   0 153 255
255 153   0   0  51 255 255 193 168 165 164  51   0   0 153 255
255 153   0   0  51 245 242 138  59  69 107  51   0   0 153 255
255 153   0   0  51 140 134 247 245 242 244  51   0   0 153 255
255 153   0   0  51 187 167 255 255 255 255  51   0   0 153 255
255 153   0   0  10  51  51  51  51  51  51  10   0   0 153 255
255 153   0   0   0   0   0   0   0   0   0   0   0   0 153 255
255 153   0   0   0   0   0   0   0   0   0   0   0   0 153 255
255 214 153 153 153 153 153 153 153 153 153 153 153 153 214 255
255 255 255 255 255 255 255 255 255 255 255 255 255 255 255 255
255 255 255 255 255 255 255 255 255 255 255 255 255 255 255 255
255 214 153 153 153 153 153 153 153 153 153 153 153 153 214 255
255 153   0   0   0   0   0   0   0   0   0   0   0   0 153 255
255 153   0   0   0   0   0   0   0   0   0   0   0   0 153 255
255 153   0   0  10  51  51  51  51  51  51  10   0   0 153 255
255 153   0   0  51 255 255 210 157 161 151  51   0   0 153 255
255 153   0   0  51 255 255 184  89 106  89  51   0   0 153 255
255 153   0   0  51 255 255 193 168 165 164  51   0   0 153 255
255 153   0   0  51 245 242 138  59  69 107  51   0   0 153 255
255 153   0   0  51 140 134 247 245 242 244  51   0   0 153 255
255 153   0   0  51 187 167 255 255 255 255  51   0   0 153 255
255 153   0   0  10  51  51  51  51  51  51  10   0   0 153 255
255 153   0   0   0   0   0   0   0   0   0   0   0   0 153 255
255 153   0   0   0   0   0   0   0   0   0   0   0   0 153 255
255 214 153 153 153 153 153 153 153 153 153 153 153 153 214 255
255 255 255 255 255 255 255 255 255 255 255 255 255 255 255 255

255 255 255 255 255 255 255 255 255 255 255 255 255 255 255 255
255 214 153 153 153 153 153 153 153 153 153 153 153 153 214 255
255 153   0   0   0   0   0   0   0   0   0   0   0   0 153 255
255 153   0   0   0   0   0   0   0   0   0   0   0   0 153 255
255 153   0   0  10  51  51  51  51  51  51  10   0   0 153 255
255 153   0   0  51 151  89 164 107 244 255  51   0   0 153 255
255 153   0   0  51 161 106 165  69 242 255  51   0   0 153 255
255 153   0   0  51 157  89 168  59 245 255  51   0   0 153 255
255 153   0   0  51 210 184 193 138 247 255  51   0   0 153 255
255 153   0   0  51 255 255 255 242 134 167  51   0   0 153 255
255 153   0   0  51 255 255 255 245 140 187  51   0   0 153 255
255 153   0   0  10  51  51  51  51  51  51  10   0   0 153 255
255 153   0   0   0   0   0   0   0   0   0   0   0   0 153 255
255 153   0   0   0   0   0   0   0   0   0   0   0   0 153 255
255 214 153 153 153 153 153 153 153 153 153 153 153 153 214 255
255 255 255 255 255 255 255 255 255 255 255 255 255 255 255 255
255 255 255 255 255 255 255 255 255 255 255 255 255 255 255 255
255 214 153 153 153 153 153 153 153 153 153 153 153 153 214 255
255 153   0   0   0   0   0   0   0   0   0   0   0   0 153 255
255 153   0   0   0   0   0   0   0   0   0   0   0   0 153 255
255 153   0   0  10  51  51  51  51  51  51  10   0   0 153 255
255 153   0   0  51 151  89 164 107 244 255  51   0   0 153 255
255 153   0   0  51 161 106 165  69 242 255  51   0   0 153 255
255 153   0   0  51 157  89 168  59 245 255  51   0   0 153 255
255 153   0   0  51 210 184 193 138 247 255  51   0   0 153 255
255 153   0   0  51 255 255 255 242 134 167  51   0   0 153 255
255 153   0   0  51 255 255 255 245 140 187  51   0   0 153 255
255 153   0   0  10  51  51  51  51  51  51  10   0   0 153 255
255 153   0   0   0   0   0   0   0   0   0   0   0   0 153 255
255 153   0   0   0   0   0   0   0   0   0   0   0   0 153 255
255 214 153 153 153 153 153 153 153 153 153 153 153 153 214 255
255 255 255 255 255 255 255 255 255 255 255 255 255 255 255 255
255 255 255 255 255 255 255 255 255 255 255 255 255 255 255 255
255 214 153 153 153 153 153 153 153 153 153 153 153 153 214 255
255 153   0   0   0   0   0   0   0   0   0   0   0   0 153 255
255 153   0   0   0   0   0   0   0   0   0   0   0   0 153 255
255 153   0   0  10  51  51  51  51  51  51  10   0   0 153 255
255 153   0   0  51 151  89 164 107 244 255  51   0   0 153 255
255 153   0   0  51 161 106 165  69 242 255  51   0   0 153 255
255 153   0   0  51 157  89 168  59 245 255  51   0   0 153 255
255 153   0   0  51 210 184 193 138 247 255  51   0   0 153 255
255 153   0   0  51 255 255 255 242 134 167  51   0   0 153 255
255 153   0   0  51 255 255 255 245 140 187  51   0   0 153 255
255 153   0   0  10  51  51  51  51  51  51  10   0   0 153 255
255 153   0   0   0   0   0   0   0   0   0   0   0   0 153 255
255 153   0   0   0   0   0   0   0   0   0   0   0   0 153 255
255 214 153 153 153 153 153 153 153 153 153 153 153 153 214 255
255 255 255 255 255 255 255 255 255 255 255 255 255 255 255 255
